
marketing_meta;yo;segmentacion;-1;-1;-1;-1;2;-1;-1;-1;-1;2;
im_01;yo;investigación;
im_01;yo por segunda vez;investigación;
im_01;yo por tercera vez;pregunta por medio;2;-1;-1;2;-1;
c1_01;;;
UAI 1;;;
c1_01;Bernal;Mariana;2;2;2;2;-1;-1;-1;-1;-1;2;
c1_01;Cuervo;Ana María;2;-1;-1;-1;2;-1;-1;-1;-1;-1;
c1_01;;;2;2;2;-1;-1;-1;-1;-1;-1;-1;
c1_01;;;2;-1;2;-1;-1;-1;2;-1;2;2;
c1_01;;;2;-1;2;-1;-1;-1;-1;2;2;2;
c1_01;;;2;-1;2;-1;-1;-1;2;2;2;2;
c1_01;;;2;-1;2;-1;-1;-1;2;2;-1;2;
c1_01;;;2;-1;2;2;-1;-1;2;2;2;2;
c1_01;;;2;-1;2;2;-1;-1;2;2;2;2;
c1_01;;;2;-1;2;2;-1;-1;2;2;2;2;
c1_01;;;2;-1;2;2;2;-1;2;2;2;2;
c1_01;;;-1;-1;2;2;2;-1;2;2;2;2;
c1_01;;;-1;-1;2;2;2;-1;2;2;2;2;
c1_01;;;-1;-1;2;2;2;-1;2;2;-1;2;
c1_01;;;-1;-1;2;2;2;-1;2;2;2;-1;
c1_01;;;-1;-1;2;2;2;-1;2;2;2;2;
c1_01;;;-1;-1;2;2;2;-1;2;2;-1;2;
c1_01;;;-1;-1;2;2;2;-1;2;2;2;2;
c1_01;;;-1;-1;2;2;2;-1;2;-1;2;2;
c1_01;;;-1;-1;2;2;2;-1;2;-1;2;2;
c1_01;;;-1;-1;2;2;2;-1;2;2;2;2;
c1_01;;;2;-1;2;2;2;-1;2;2;2;2;
c1_01;;;2;-1;-1;2;2;-1;2;2;2;2;
c1_01;;;2;-1;2;2;-1;-1;2;2;2;2;
c1_01;;;2;-1;2;2;2;2;2;2;2;2;
c1_01;;;2;-1;2;2;2;2;-1;2;2;2;
c1_01;;;2;-1;2;2;2;2;-1;2;2;2;
c1_01;;;2;-1;2;2;2;2;2;2;2;2;
c1_01;;;2;-1;2;2;2;2;2;2;2;-1;
c1_01;;;2;-1;2;2;2;2;2;2;-1;2;
c1_01;;;2;-1;2;2;2;2;2;2;2;2;
c1_01;;;2;-1;2;-1;2;2;2;2;2;2;
c1_01;;;2;2;2;2;2;2;2;2;2;2;
c1_01;;;2;2;2;2;2;2;-1;2;2;-1;
c1_01;;;2;2;2;2;2;2;-1;2;2;-1;
c1_01;;;2;2;2;2;2;2;-1;-1;2;-1;
c1_01;;;2;2;2;2;2;2;-1;-1;2;-1;
c1_01;;;2;2;2;2;2;2;-1;2;-1;-1;
c1_01;;;2;2;2;2;2;2;-1;2;-1;-1;
c1_01;;;2;2;2;2;2;2;-1;2;2;-1;
c1_01;;;2;-1;-1;2;2;2;-1;2;2;-1;
c1_01;;;2;-1;-1;2;2;-1;-1;2;2;-1;
c1_01;;;2;2;2;2;2;-1;-1;2;2;-1;
c1_01;;;2;2;2;2;2;2;-1;2;2;-1;
c1_01;;;2;2;2;2;2;2;-1;2;2;-1;
c1_01;;;2;2;2;2;2;2;-1;2;2;-1;
c1_01;;;2;2;2;2;2;2;-1;2;2;-1;
c1_01;;;2;2;2;2;2;2;-1;2;2;2;
c1_01;;;
c1_01;;;2;2;-1;-1;2;-1;-1;2;-1;-1;
c1_01;;;2;-1;-1;-1;-1;2;-1;2;2;2;
c1_01;;;2;2;2;2;2;-1;-1;2;2;
c1_01;;;2;2;2;2;2;2;2;-1;2;2;
c1_01;Calabrese;Agustina;2;2;2;2;2;2;2;-1;2;2;
c1_02;;;-1;2;-1;2;-1;2;-1;-1;-1;-1;
c1_02;;;-1;2;-1;2;-1;2;-1;-1;-1;-1;
c1_02;;;-1;2;-1;2;-1;2;-1;-1;-1;-1;
c1_02;;;-1;2;-1;2;-1;2;-1;-1;-1;2;
c1_01; 14-04-2015;Montero;Julian desde web;
d9ba74e0bcc9860b88a945742fea9aec;c1_01; 15-04-2015;;;2;-1;-1;-1;2;-1;-1;2;2;-1;
7395c48370154b62755d9bb682aa4780;c1_01; 15-04-2015;;;2;2;-1;-1;-1;-1;-1;2;-1;-1;
325a69ab239e473528a2f8893bfdbac7;c1_01; 15-04-2015;Di Fermo;Eduardo;2;2;2;-1;2;2;-1;2;-1;2;
c1_01; 15-04-2015;Estrada;Silvia ;2;2;2;-1;-1;-1;-1;2;-1;-1;
c1_01; 16-04-2015;LOPEZ;DAMIAN;2;2;2;2;-1;2;-1;2;-1;2;
c1_01; 16-04-2015;Valeri;Nicole;2;2;2;-1;-1;-1;-1;2;-1;2;
c1_01; 16-04-2015;Valeri;Nicole;2;2;2;-1;-1;-1;2;2;-1;
c1_01; 16-04-2015;Valeri;Nicole;2;2;2;-1;-1;-1;2;2;-1;
c1_01; 16-04-2015;Montero;Julián;2;2;2;2;2;2;2;2;2;2;

im_01;16-04-2015;Rodriguez;Sebastian;-1;-1;2;-1;2;-1;-1;-1;
4f1aef7adb54d3a9dc5deedc1306e14a;im_01;16-04-2015;monica;casa;-1;2;-1;2;
im_01;Ballestero;Nélida ;-1;-1;2;-1;-1;-1;-1;-1;
c2_01;;;-1;-1;-1;-1;-1;-1;-1;2;2;-1;
c1_01; 22-04-2015;;;
c1_01; 23-04-2015;;;2;-1;-1;-1;-1;-1;-1;-1;2;-1;
c1_02;;;
c1_02;DI FERMO;EDUARDO LUIS;2;2;2;2;-1;-1;-1;-1;2;-1;
c1_01; 06-05-2015;WU;LEI;2;2;2;-1;2;-1;-1;-1;2;2;
33f758ff252c9ceabe8428ef93c9c79d;c1_02;montero;julian;2;2;2;2;2;2;-1;2;2;2;
c1_02;;;2;-1;2;-1;
c1_05; 13-05-2015;;;
c1_05; 13-05-2015;;;
c1_05; 13-05-2015;;julian;
Estrategias_precios;;;2;-1;2;2;-1;
c1-04; 13-05-2015;;;-1;2;2;2;2;-1;-1;
c1-04; 13-05-2015;;;-1;2;2;2;2;2;-1;-1;-1;-1;
c1-04; 13-05-2015;;;2;2;2;2;2;2;-1;2;-1;-1;
c1-04; 13-05-2015;Wu;;2;2;2;2;2;2;-1;2;-1;-1;
c1-04; 13-05-2015;;;2;2;2;2;2;2;-1;2;2;-1;
c1-04; 13-05-2015;;;2;2;2;2;2;2;2;2;2;2;
c1_05; 13-05-2015;;;2;2;2;
c1_03; 14-05-2015;DI FERMO;EDUARDO LUIS;2;-1;2;-1;2;-1;2;2;-1;
4f1aef7adb54d3a9dc5deedc1306e14a;Estrategias_precios;Bermejo ;Frank;2;-1;2;2;2;2;-1;-1;
c1_01; 18-05-2015;Cuervo;Ana María ;-1;-1;2;2;2;-1;-1;2;-1;-1;
marcas_corporativas;Cuervo;Ana María;2;-1;-1;2;2;2;2;
ee_02;;;2;-1;2;-1;2;-1;-1;-1;2;-1;
c1_05; 20-05-2015;Cuervo;Ana María;2;2;-1;2;-1;2;-1;-1;-1;2;
ee_01;;;2;2;2;-1;2;-1;-1;2;-1;-1;
ee_05;;;-1;-1;2;-1;-1;2;-1;2;-1;-1;
c2_01;;;-1;-1;-1;-1;-1;-1;-1;-1;-1;-1;
c2_03;;;2;-1;2;-1;2;-1;2;2;-1;-1;
c1_01; 22-05-2015;;;2;2;-1;-1;-1;2;-1;2;-1;2;
ee_01;;;2;2;2;-1;2;-1;-1;2;-1;-1;
ee_02;;;-1;-1;2;-1;-1;2;2;2;
ee_02;;;2;-1;2;-1;-1;2;2;2;
ee_03;;;2;2;2;2;
ee_05;;;2;-1;2;-1;
ee_07;;;-1;
ee_07;;;2;
c1_01; 27-05-2015;;;2;-1;2;-1;-1;-1;2;
c1_01; 27-05-2015;;;2;2;2;-1;-1;2;2;-1;2;2;
c1_01; 27-05-2015;;;2;2;2;-1;2;2;2;-1;2;2;
c1_01; 27-05-2015;;;2;2;2;2;2;2;2;2;2;2;
c1_02;;;2;2;2;2;2;2;-1;2;2;2;
c1_02;;;2;2;2;2;2;2;-1;2;2;2;
c1_02;;;2;2;2;2;2;2;2;2;2;2;
c1_03; 28-05-2015;;;2;-1;-1;2;2;-1;-1;2;-1;2;
c1_03; 28-05-2015;;;2;-1;2;2;2;-1;-1;2;2;2;
c1_03; 28-05-2015;;;2;2;2;2;2;2;2;2;2;2;
c1_03; 28-05-2015;;;2;2;2;2;2;2;2;2;2;-1;
c1_03; 28-05-2015;;;2;2;2;2;2;2;2;2;2;-1;
c1_03; 28-05-2015;;;2;2;2;2;2;2;2;2;2;2;
c1-04; 28-05-2015;;;2;2;2;2;2;2;-1;-1;-1;
c1-04; 28-05-2015;;;2;2;2;2;2;2;-1;2;-1;2;
c1-04; 28-05-2015;;;2;2;2;2;2;2;-1;2;2;2;
c1-04; 28-05-2015;;;2;2;2;2;2;2;2;2;2;2;
c1_03; 28-05-2015;;;2;-1;2;2;-1;2;2;2;2;2;
c1_03; 28-05-2015;;;2;-1;2;2;2;2;2;2;2;2;
c1_03; 28-05-2015;;;2;2;2;2;2;2;2;2;2;2;
c1_01; 28-05-2015;;;2;-1;2;-1;-1;2;-1;2;-1;2;
c1_01; 28-05-2015;;;2;-1;2;-1;-1;2;-1;2;-1;2;
c1_01; 28-05-2015;;;2;2;2;-1;-1;2;-1;2;-1;2;
c1_01; 28-05-2015;;;2;2;2;-1;2;2;-1;2;-1;2;
c1_01; 28-05-2015;;;2;2;2;-1;2;2;-1;2;-1;2;
c1_01; 28-05-2015;;;2;2;2;2;2;2;-1;2;-1;2;
c1_01; 28-05-2015;;;2;2;2;2;2;2;2;2;2;2;
c1_02;;;2;2;-1;2;-1;2;-1;-1;2;2;
c1_02;;;2;2;2;2;-1;2;-1;-1;2;2;
c1_02;;;2;2;2;2;-1;2;-1;-1;2;2;
c1_02;;;2;2;2;2;2;2;-1;-1;2;2;
c1_02;;;2;2;2;2;2;2;-1;2;2;2;
c1_02;;;2;2;2;2;2;2;2;2;2;2;
c1_03; 28-05-2015;;;2;-1;-1;2;2;-1;-1;-1;2;-1;
c1_03; 28-05-2015;;;2;2;2;2;2;-1;-1;-1;2;-1;
c1_03; 28-05-2015;;;2;2;2;2;2;2;-1;-1;2;-1;
c1_03; 28-05-2015;;;2;2;2;2;2;2;-1;-1;2;2;
c1_03; 28-05-2015;;;2;2;2;2;2;2;-1;-1;2;2;
c1_03; 28-05-2015;;;2;2;2;2;2;2;-1;2;2;2;
c1_03; 28-05-2015;;;2;2;2;2;2;2;2;2;2;2;
4f1aef7adb54d3a9dc5deedc1306e14a;Estrategias_precios;Meza;olinda;-1;2;-1;-1;2;-1;-1;-1;2;-1;
c1_01; 08-06-2015;Julián;Montero;-1;2;
im_01;12-06-2015;etchebarne;sofia;-1;-1;-1;2;-1;-1;-1;-1;-1;
c1_01; 14-06-2015;;;-1;2;
ee_01;Finucci ;Micaela;2;2;2;2;2;2;-1;-1;-1;
c1_01; 14-06-2015;;Alberto;2;-1;2;2;-1;2;2;2;2;-1;
c1_01; 14-06-2015;;Alberto;2;-1;2;2;-1;2;2;2;2;-1;
c1_01; 14-06-2015;;Alberto;2;-1;2;2;-1;2;2;2;2;-1;
c1_01; 14-06-2015;;Alberto;2;-1;2;2;-1;2;2;2;2;-1;
c1_01; 14-06-2015;;;2;2;-1;
ee_03;Finucci;Micaela;2;-1;2;-1;-1;2;2;2;-1;-1;
ee_03;;;2;2;2;2;2;2;2;-1;-1;-1;
c1_02;;yo;2;2;2;-1;
c2_03;;;2;2;2;2;-1;2;2;-1;-1;-1;

c2_03;curti zmud;camila;2;-1;2;2;2;2;-1;-1;-1;-1;
c1_01; 15-06-2015;Cucalón;Felipe;2;-1;-1;-1;-1;-1;-1;-1;-1;-1;
c1_01; 15-06-2015;Cucalón;Felipe;2;2;-1;-1;-1;-1;2;2;-1;2;
c1_01; 15-06-2015;Cucalón;Felipe;2;2;-1;-1;-1;-1;2;2;2;2;
c1_01; 15-06-2015;Cucalón;Felipe;2;2;2;2;-1;2;2;2;2;2;
c1_01; 15-06-2015;Cucalón;Felipe;2;2;2;2;-1;2;2;2;2;2;
c1_01; 15-06-2015;Cucalón;Felipe;2;2;2;2;2;2;2;2;2;2;
c1_02;Cucalón ;Felipe;2;-1;2;2;2;2;-1;-1;-1;-1;
c1_02;Cucalón;Felipe;2;2;2;2;2;2;-1;-1;-1;-1;
c1_02;Cucalón ;Felipe;2;2;2;2;2;2;-1;-1;-1;-1;
c1_02;Cucalón;Felipe;2;2;2;2;2;2;2;2;2;2;
c1_02;Cucalón;Felipe;2;2;2;2;2;2;2;2;2;2;
c1_01; 16-06-2015;;Soy yo;2;2;2;2;
4f1aef7adb54d3a9dc5deedc1306e14a;ee_04;;;2;-1;-1;2;-1;2;2;-1;2;-1;
4f1aef7adb54d3a9dc5deedc1306e14a;ee_04;Finucci;Micaela;2;2;-1;2;-1;2;2;2;2;-1;
4f1aef7adb54d3a9dc5deedc1306e14a;ee_05;;;2;2;-1;2;-1;2;2;-1;2;-1;
4f1aef7adb54d3a9dc5deedc1306e14a;ee_05;Finucci ;Micaela;2;2;-1;2;-1;2;2;2;2;-1;
c2_01;Herlein ;andrea Jessica;2;-1;2;-1;2;-1;2;2;-1;-1;



im_06; 18-06-2015;;;-1;
im_06; 18-06-2015;Galvis;Alejandra;-1;-1;-1;2;2;-1;-1;2;-1;2;
im_01;18-06-2015;;;-1;-1;-1;-1;-1;-1;2;-1;-1;
im_01;18-06-2015;Martinez Arrieta ;Victorino ;-1;-1;-1;-1;-1;-1;-1;-1;
im_01;18-06-2015;Antonella;Losinno;-1;-1;-1;2;-1;-1;2;-1;-1;
im_01;18-06-2015;;;-1;-1;2;2;-1;-1;2;-1;-1;
c2_03;Park;Anabella;-1;-1;-1;-1;-1;2;-1;-1;-1;-1;
c2_03;Park;Anabella;-1;-1;-1;-1;2;2;2;-1;-1;-1;
c2_03;;;-1;-1;-1;-1;2;2;2;2;-1;-1;
ee_01;De la Plata;María Belén;2;2;2;2;2;2;2;2;2;-1;
im_01;19-06-2015;contero;Melissa;-1;-1;-1;2;2;2;2;-1;-1;







290bb60ce09b878c6fc2f6a9d3949750;c1-04; 22-06-2015;Cucalon;Felipe;-1;2;2;-1;-1;2;-1;2;-1;-1;
290bb60ce09b878c6fc2f6a9d3949750;c1-04; 22-06-2015;Cucalon;Felipe;-1;2;2;-1;-1;2;2;2;2;-1;
290bb60ce09b878c6fc2f6a9d3949750;c1-04; 23-06-2015;Cucalon;Felipe;2;2;2;2;2;2;2;2;2;-1;
4f1aef7adb54d3a9dc5deedc1306e14a;im_01;23-06-2015;;;
4f1aef7adb54d3a9dc5deedc1306e14a;im_06; 23-06-2015;;;2;-1;-1;-1;2;-1;2;-1;2;-1;
4f1aef7adb54d3a9dc5deedc1306e14a;im_06; 23-06-2015;;;2;-1;2;2;2;2;2;-1;2;
im_01;23-06-2015;;;-1;2;-1;-1;2;-1;2;-1;-1;
im_06; 23-06-2015;Contero;Melyssa;-1;-1;-1;2;2;-1;-1;2;2;-1;
c1_01; 24-06-2015;garcia ;cristiam;2;2;-1;-1;-1;-1;-1;2;-1;-1;
c2_03;Herlein ;andrea Jessica;2;2;2;2;2;2;-1;2;2;2;
c1_01; 25-06-2015;Nieto;Daniela;2;2;2;-1;-1;-1;-1;-1;-1;2;
c1_01; 25-06-2015;Nieto;Daniela;2;2;2;2;2;-1;-1;-1;2;2;
c1_01; 25-06-2015;Nieto;Daniela;2;2;2;2;2;-1;-1;-1;2;2;
c1_01; 25-06-2015;Nieto;Daniela;2;2;2;2;2;-1;-1;2;2;2;
c1_01; 25-06-2015;;;2;2;2;2;2;2;-1;2;2;2;
c1_01; 25-06-2015;Nieto;Daniela;2;2;2;2;2;2;-1;2;2;2;
c1_01; 25-06-2015;Nieto;Daniela;2;2;2;2;2;2;2;2;2;2;
c1_05; 25-06-2015;;;2;-1;2;2;-1;-1;2;-1;-1;2;
c1_05; 25-06-2015;;;2;-1;2;2;-1;2;2;2;2;2;
c1_05; 25-06-2015;;;2;-1;2;2;-1;2;2;2;2;2;
c1_05; 25-06-2015;Nieto;Daniela;2;-1;2;-1;-1;2;2;2;2;2;
c1_05; 25-06-2015;Nieto;Daniela;2;-1;2;2;2;2;2;2;2;2;
c1-04; 25-06-2015;Nieto;Daniela;-1;2;2;-1;2;2;-1;2;-1;-1;
c1-04; 25-06-2015;Nieto;Daniela;2;2;2;-1;2;2;-1;2;-1;2;
c1-04; 25-06-2015;Nieto;Daniela;2;2;2;2;2;2;2;2;-1;2;
c1_06; 25-06-2015;Nieto;Daniela;2;2;2;2;2;2;-1;
c1_06; 25-06-2015;Nieto;Daniela;2;2;2;2;2;-1;2;
c1_06; 25-06-2015;Nieto;Daniela;2;2;2;2;2;-1;2;
c1_06; 25-06-2015;Nieto;Daniela;2;2;2;2;2;-1;2;
c1_01; 26-06-2015;;;2;-1;-1;2;2;2;2;2;2;2;
c1_01; 26-06-2015;;;2;-1;-1;2;2;2;-1;2;2;2;
c1_01; 26-06-2015;;;2;-1;2;2;2;2;2;2;2;2;
c1_01; 26-06-2015;Ballini;Fiorella;2;2;2;2;2;2;2;2;2;2;
ee_01;Nicolau ;Andrea;2;2;-1;2;2;-1;-1;2;-1;-1;
c1_02;;;2;2;2;2;-1;2;2;2;2;2;
c1_02;;;-1;2;2;2;-1;2;2;2;2;2;
c1_02;;;2;2;2;2;2;2;2;2;2;2;
c1_02;Ballini;Fiorella;2;2;2;2;2;2;2;2;2;2;
c1_01; 26-06-2015;isso;Nicole;2;-1;2;2;2;2;2;-1;2;
c1_02;isso;Nicole;2;-1;2;2;2;2;2;2;2;2;
c1-04; 26-06-2015;isso;Nicole;2;2;2;-1;2;2;-1;2;2;2;
ee_02;;;-1;-1;2;2;-1;2;2;2;2;-1;
ee_02;finucci;micaela;-1;-1;2;2;2;2;2;2;2;-1;
4f1aef7adb54d3a9dc5deedc1306e14a;im_01;29-06-2015;;;-1;-1;-1;2;-1;2;2;-1;-1;
4f1aef7adb54d3a9dc5deedc1306e14a;im_01;29-06-2015;;;-1;-1;-1;2;2;2;2;2;2;
4f1aef7adb54d3a9dc5deedc1306e14a;im_01;29-06-2015;;;2;-1;2;2;2;2;2;2;2;
4f1aef7adb54d3a9dc5deedc1306e14a;im_01;29-06-2015;;;2;2;2;2;2;2;2;2;2;
4f1aef7adb54d3a9dc5deedc1306e14a;im_06; 29-06-2015;;;2;-1;2;-1;-1;-1;-1;2;
4f1aef7adb54d3a9dc5deedc1306e14a;im_06; 29-06-2015;;;2;2;2;-1;2;-1;2;-1;-1;2;
4f1aef7adb54d3a9dc5deedc1306e14a;im_06; 29-06-2015;;;2;2;2;-1;2;2;2;-1;2;2;
4f1aef7adb54d3a9dc5deedc1306e14a;im_06; 29-06-2015;;;2;2;2;2;2;2;2;2;2;2;
c1_09; 01-07-2015;;;2;2;2;2;-1;2;2;2;2;-1;
c1_09; 01-07-2015;;;2;2;2;2;-1;2;2;2;2;-1;

c1_09; 01-07-2015;;;2;2;2;2;-1;2;2;2;2;2;
c1_09; 01-07-2015;;;2;2;2;2;2;2;2;2;2;2;
c1_09; 01-07-2015;Ballini;Fiorella ;2;2;2;2;2;2;2;2;2;2;
c2_03;;;2;2;2;2;2;2;2;2;2;
c1_06; 01-07-2015;;;2;2;2;2;2;2;-1;
c2_03;;;-1;2;2;2;2;-1;2;2;
c2_03;;;-1;2;2;2;2;-1;-1;2;2;2;
c2_03;;;2;2;2;2;2;2;-1;2;2;2;
c2_03;;;2;2;2;2;2;2;2;2;2;2;
c1_06; 02-07-2015;;;2;2;2;2;2;-1;-1;
c1_06; 02-07-2015;;;2;2;2;2;2;-1;2;
c1_06; 02-07-2015;;;2;2;2;2;2;-1;2;
c1_06; 02-07-2015;;;2;2;2;2;2;-1;2;
c1_06; 02-07-2015;;;2;2;2;2;2;2;2;
c1_02;garcia ;cristiam;2;-1;2;2;-1;2;-1;-1;-1;-1;
c1_01; 02-07-2015;Molina;Rodrigo;2;-1;-1;-1;-1;-1;-1;-1;-1;
c1_01; 02-07-2015;Molina;Rodrigo;2;-1;-1;-1;-1;-1;-1;-1;-1;
 03-07-2015;c2_03;;;

 07-07-2015;c1_10;;;2;2;-1;2;2;2;2;2;
 07-07-2015;c1_10;;;2;2;-1;2;2;2;2;2;
 07-07-2015;c1_10;;;2;2;2;2;2;2;2;2;
 08-07-2015;c1_10;;;2;2;-1;2;2;2;2;2;2;2;
 08-07-2015;c1_10;;;2;2;-1;2;2;2;2;2;2;2;
 08-07-2015;c1_10;;;2;2;2;2;2;2;2;2;2;2;
 08-07-2015;c1_10;Ballini;Fiorella ;2;2;2;2;2;2;2;2;2;2;
im_06; 09-07-2015;hernandez;stefany paola;2;2;-1;-1;-1;-1;-1;-1;2;-1;
 11-07-2015;c2_03;;;2;-1;2;2;2;2;2;2;2;2;
 13-07-2015;c2_03;;;2;-1;2;2;-1;2;2;-1;2;2;
 13-07-2015;c2_03;;;2;-1;2;2;-1;2;2;-1;2;2;
 13-07-2015;c2_03;;;2;2;2;2;-1;2;2;-1;2;2;
 13-07-2015;c2_03;;;2;2;2;2;-1;2;2;-1;2;2;
 13-07-2015;c2_03;;;2;2;2;2;-1;2;2;-1;2;2;
 13-07-2015;c2_03;;;2;2;2;2;-1;2;2;2;2;-1;
 13-07-2015;c1_01;Bataglia;Julia;2;-1;2;-1;-1;2;2;2;-1;-1;
 13-07-2015;c2_03;;;2;2;2;2;-1;2;2;2;2;-1;
 13-07-2015;c2_03;;;2;2;2;2;2;2;2;2;2;-1;
 13-07-2015;c2_03;;;2;2;2;2;2;2;2;2;2;2;
 13-07-2015;c2_03;curti zmud;camila;2;2;2;2;2;2;2;2;2;-1;
 14-07-2015;c1_03;Molina;Rodrigo;-1;-1;2;2;-1;2;2;2;2;-1;
 14-07-2015;c1_03;;;2;-1;2;2;2;2;2;2;2;-1;
 14-07-2015;c1_03;Molina;Rodrigo;2;2;2;2;2;2;2;2;2;2;
 14-07-2015;c1_05;;;2;2;2;-1;2;-1;2;2;-1;-1;
 14-07-2015;c1_05;Molina;Rodrigo;2;2;2;-1;2;-1;2;2;-1;-1;
 14-07-2015;c1_05; molina;Rodrigo;2;2;2;2;2;2;2;2;-1;2;
 14-07-2015;c1_05;Molina;Rodrigo;2;2;2;2;2;2;2;2;-1;2;
 14-07-2015;c1_05;;;2;2;2;2;2;2;2;2;2;2;
 14-07-2015;c1_01;;;2;2;2;-1;-1;-1;-1;2;-1;-1;
 14-07-2015;c1_01;;;2;2;2;-1;2;-1;2;2;2;2;
 14-07-2015;c1_01;Molina ;Rodrigo;2;2;2;2;2;2;2;2;2;-1;
 14-07-2015;c1_02;;;-1;2;2;2;-1;2;-1;-1;-1;-1;
 14-07-2015;c1_02;;;2;2;2;2;2;2;2;-1;-1;-1;
 14-07-2015;c1_02;Molina;Rodrigo;2;2;2;2;2;2;2;2;2;-1;
 15-07-2015;c1_01;;;
 15-07-2015;c1_01;Burnet;Carolina;2;-1;
4f1aef7adb54d3a9dc5deedc1306e14a; 15-07-2015;c2_03;;;2;-1;2;2;2;-1;-1;2;2;


 15-07-2015;c2_03;;;2;-1;2;2;2;-1;2;2;2;

 15-07-2015;c2_03;;;2;2;2;2;2;2;2;2;2;
 15-07-2015;c2_03;Piaser;Nathalie ;2;2;2;2;2;2;2;2;2;
 15-07-2015;c1-04;;;2;2;2;-1;-1;-1;2;2;-1;-1;

 15-07-2015;c1-04;;;2;-1;2;-1;2;2;2;2;-1;2;
 15-07-2015;c1-04;Molina;Rodrigo;2;-1;2;2;2;2;2;2;-1;2;
 16-07-2015;c1_06;Molina;Rodrigo;2;2;2;2;2;2;-1;
 16-07-2015;c1_06;;;2;2;2;2;2;2;-1;
 16-07-2015;c1_06;;;2;2;2;2;2;2;2;
 16-07-2015;c2_03;;;2;-1;2;2;2;2;2;2;2;2;
 16-07-2015;c2_03;Park;Anabella;2;2;2;2;2;2;2;2;2;2;
 16-07-2015;c1_03;;;-1;-1;-1;-1;-1;-1;-1;-1;-1;-1;
 16-07-2015;c1_06;Molina;Rodrigo;2;2;2;2;2;2;2;
 16-07-2015;c1_09;;;-1;-1;-1;2;-1;2;-1;-1;-1;2;
 16-07-2015;c1_09;;;-1;-1;-1;2;-1;2;-1;-1;-1;2;
 16-07-2015;c1_09;;;-1;-1;-1;2;2;2;-1;2;-1;2;
 16-07-2015;c1_09;;;2;-1;2;2;2;2;-1;2;-1;2;
 16-07-2015;c1_09;Molina;Rodrigo;2;2;2;2;2;2;2;2;2;2;
cb87f381839780feeac4c12f376f6f12; 16-07-2015;c1_01;;;2;2;2;2;2;-1;2;2;-1;2;
 16-07-2015;c1_10;;;2;2;-1;2;-1;-1;-1;-1;2;-1;
 16-07-2015;c1_10;;;2;2;2;2;-1;-1;-1;-1;2;2;
 16-07-2015;c1_10;Molina;Rodrigo;2;2;2;-1;2;2;2;2;2;2;
 16-07-2015;c2_03;;;2;-1;2;2;2;2;2;2;2;2;
 16-07-2015;c1_10;;;-1;2;-1;-1;2;2;2;2;-1;2;
 16-07-2015;c1_10;;;-1;2;-1;-1;2;2;2;2;2;2;
 16-07-2015;c1_10;isso;Nicole;2;2;-1;-1;2;2;2;2;2;2;
 16-07-2015;c1_09;;;-1;-1;2;2;2;-1;2;-1;2;-1;
 16-07-2015;c1_09;;;-1;-1;2;2;2;-1;2;-1;2;-1;
 16-07-2015;c1_09;;;2;-1;2;2;2;2;2;-1;2;-1;
 16-07-2015;c1_09;;;2;2;2;2;2;2;2;2;2;-1;
 16-07-2015;c1_09;isso;Nicole;2;2;2;2;2;2;2;2;2;-1;
 16-07-2015;c1_06;;;2;2;-1;-1;-1;2;2;
 16-07-2015;c1_06;;;2;2;-1;2;2;2;2;
 16-07-2015;c1_06;isso;Nicole;2;2;-1;2;2;2;2;
 16-07-2015;c1_06;isso;Nicole;2;2;-1;2;2;2;2;
 16-07-2015;c1_05;;;2;-1;-1;2;2;2;2;2;-1;-1;
 16-07-2015;c1_05;;;2;-1;-1;2;2;2;2;2;-1;2;
 16-07-2015;c1_05;isso;Nicole;2;2;-1;2;2;2;2;2;-1;2;
 16-07-2015;c1_01;;;2;-1;-1;-1;-1;-1;-1;2;-1;-1;
 17-07-2015;c1_01;Nieto;Daniela;2;2;2;2;2;2;2;2;2;2;
 17-07-2015;c1_01;Nieto;Daniela;2;2;2;2;2;2;2;2;2;2;
 17-07-2015;c1_05;Nieto;Daniela;2;-1;2;2;2;2;2;2;2;2;
 17-07-2015;c1_05;Nieto;Daniela;2;-1;2;2;2;2;2;2;2;2;
 17-07-2015;c1_06;;;2;2;2;2;2;-1;2;
 17-07-2015;c1_06;Nieto;Daniela;2;2;2;2;2;2;2;
 17-07-2015;c1-04;Nieto;Daniela;2;2;2;2;2;2;2;2;-1;2;
 17-07-2015;c1_02;;;2;2;2;2;2;2;-1;2;2;-1;
 17-07-2015;c1_02;Nieto;Daniela;2;2;2;2;2;2;-1;2;2;2;
 17-07-2015;c1_01;;;2;2;2;-1;-1;-1;-1;-1;-1;2;
 17-07-2015;c2_03;;;-1;-1;2;2;2;-1;-1;2;2;2;
 28-07-2015;c1_01;;julian;-1;2;
 29-07-2015;c1_01;;Julin;-1;2;
 29-07-2015;c1_01;;julian;2;2;2;2;2;2;2;2;2;2;
33f758ff252c9ceabe8428ef93c9c79d; 02-08-2015;c1_02;;leonor;-1;-1;-1;-1;-1;-1;-1;-1;2;2;
 04-08-2015;c1_05;;;2;-1;2;2;-1;-1;2;2;-1;-1;
 04-08-2015;c1_05;;;2;2;2;2;2;-1;2;2;-1;2;
 06-08-2015;c1_01;;;2;2;2;-1;-1;2;2;-1;2;2;
 06-08-2015;c1_01;;;2;2;2;2;-1;2;2;2;2;2;
 06-08-2015;c1_02;;;2;-1;2;2;-1;2;-1;2;-1;-1;
 06-08-2015;c1_02;;;2;-1;2;2;2;2;-1;2;2;-1;
 06-08-2015;c1_02;;;2;-1;2;2;2;2;2;2;2;2;
 06-08-2015;c1_02;;;2;2;2;2;2;2;2;2;2;2;
 06-08-2015;c1_01;;;-1;2;2;2;2;2;2;2;2;2;
 06-08-2015;c1_03;;;-1;-1;2;2;2;2;2;2;2;-1;
 06-08-2015;c1_03;;;2;2;2;2;2;2;2;2;2;-1;
 06-08-2015;c1_03;;;2;2;2;2;2;2;2;2;2;2;
 06-08-2015;c1_01;;;2;-1;2;-1;-1;-1;-1;2;-1;2;
 06-08-2015;c1-04;;;2;2;2;2;2;2;-1;2;-1;-1;
 06-08-2015;c1-04;;;-1;-1;2;
 06-08-2015;c1-04;;;2;2;2;
 06-08-2015;c1_05;;;2;2;2;2;-1;2;2;2;-1;-1;
 06-08-2015;c1_05;;;2;2;2;2;2;2;2;2;-1;-1;
 06-08-2015;c1_05;;;2;2;2;2;2;2;2;2;-1;2;
 06-08-2015;c1_05;;;2;
 06-08-2015;c2_03;;;2;2;-1;
4f1aef7adb54d3a9dc5deedc1306e14a; 11-08-2015;ee_01;400284;Bradley;2;-1;-1;-1;-1;-1;2;-1;-1;-1;

250e7330e96fc361eb4771d7194ed1e4; 12-08-2015;c1_06;2932;Bradley;2;-1;-1;-1;2;-1;2;

 14-08-2015;c1_01;;julian;2;-1;
negociacion;;;
